1000
2000
3000
4000
5000
6000
7000
8000
9000
10000
11000
12000
13000
14000
15000
16000
17000
18000
19000
20000
21000
22000
23000
24000
25000
26000
27000
28000
29000
30000
31000
32000
33000
34000
35000
36000
37000
38000
39000
40000
41000
42000
43000
44000
45000
46000
47000
48000
49000
50000
Calculating kmeans
Training and testing model
Training and testing took 71.19554600000038 seconds
(1,0.2035)
(2,0.2035)
(3,0.2053)
(4,0.2124)
(5,0.2238)
(6,0.2424)
(7,0.2435)
(8,0.2455)
(9,0.2503)
(10,0.2538)
(11,0.2568)
(12,0.2592)
(13,0.2579)
(14,0.2604)
(15,0.2667)
(16,0.2637)
(17,0.268)
(18,0.2751)
(19,0.2722)
(20,0.2717)
(21,0.2747)
(22,0.275)
(23,0.2812)
(24,0.2783)
(25,0.2781)
(26,0.2771)
(27,0.2779)
(28,0.2794)
(29,0.2825)
